% 03-Feb-2025 19:40:17, created by disp_th_moments.m 
 
\begin{center}
\begin{longtable}{lcccccccc} 
\caption{MATRIX OF CORRELATIONS}\\
 \label{Table:th_corr_matrix}\\
\toprule 
$Variables   $	 & 	 $       {dlGDP}$	 & 	 $      {dlCONS}$	 & 	 $       {dlINV}$	 & 	 $      {lHOURS}$	 & 	 $         {dlP}$	 & 	 $       {dlWAG}$	 & 	 $    {FEDFUNDS}$	 & 	 $       {E\pi}$\\
\midrule \endfirsthead 
\caption{(continued)}\\
 \toprule \\ 
$Variables   $	 & 	 $       {dlGDP}$	 & 	 $      {dlCONS}$	 & 	 $       {dlINV}$	 & 	 $      {lHOURS}$	 & 	 $         {dlP}$	 & 	 $       {dlWAG}$	 & 	 $    {FEDFUNDS}$	 & 	 $       {E\pi}$\\
\midrule \endhead 
\midrule \multicolumn{9}{r}{(Continued on next page)} \\ \bottomrule \endfoot 
\bottomrule \endlastfoot 
${dlGDP}     $	 & 	        1.0000	 & 	        0.6224	 & 	        0.6251	 & 	        0.0878	 & 	       -0.2350	 & 	        0.2525	 & 	       -0.2166	 & 	       -0.1936 \\ 
${dlCONS}    $	 & 	        0.6224	 & 	        1.0000	 & 	        0.3017	 & 	        0.0858	 & 	       -0.3023	 & 	        0.1417	 & 	       -0.2314	 & 	       -0.2804 \\ 
${dlINV}     $	 & 	        0.6251	 & 	        0.3017	 & 	        1.0000	 & 	        0.0641	 & 	       -0.1417	 & 	        0.2258	 & 	       -0.1805	 & 	       -0.0913 \\ 
${lHOURS}    $	 & 	        0.0878	 & 	        0.0858	 & 	        0.0641	 & 	        1.0000	 & 	       -0.3601	 & 	        0.1544	 & 	       -0.2632	 & 	       -0.3757 \\ 
${dlP}       $	 & 	       -0.2350	 & 	       -0.3023	 & 	       -0.1417	 & 	       -0.3601	 & 	        1.0000	 & 	       -0.1674	 & 	        0.6748	 & 	        0.9784 \\ 
${dlWAG}     $	 & 	        0.2525	 & 	        0.1417	 & 	        0.2258	 & 	        0.1544	 & 	       -0.1674	 & 	        1.0000	 & 	       -0.1509	 & 	       -0.0198 \\ 
${FEDFUNDS}  $	 & 	       -0.2166	 & 	       -0.2314	 & 	       -0.1805	 & 	       -0.2632	 & 	        0.6748	 & 	       -0.1509	 & 	        1.0000	 & 	        0.6751 \\ 
${E\pi}      $	 & 	       -0.1936	 & 	       -0.2804	 & 	       -0.0913	 & 	       -0.3757	 & 	        0.9784	 & 	       -0.0198	 & 	        0.6751	 & 	        1.0000 \\ 
\end{longtable}
 \end{center}
% End of TeX file.
